// CivNexus6 CN6 - Exported from Blender for import to CivNexus6
skeleton
0 "CSC_Quarter_Base_Road_Decals" -1 0.00000000 0.00000000 0.00000000 0.00000000 0.00000000 0.00000000 1.00000000 1.00000000 0.00000000 0.00000000 0.00000000 0.00000000 1.00000000 0.00000000 0.00000000 0.00000000 0.00000000 1.00000000 0.00000000 0.00000000 0.00000000 0.00000000 1.00000000
1 "CSC_Dirt_Patch_S_2.001_ANC" 0 -144.03121948 132.76658630 4.66761923 0.68301147 -0.18301752 -0.18301752 0.68301141 0.86601830 -0.00000000 -0.50001210 -0.00000000 -0.50001222 0.00000000 -0.86601830 -0.00000000 -0.00000000 1.00000000 0.00000000 -0.00000000 191.11860657 -4.66761923 42.96094131 1.00000000
2 "CSC_Dirt_Patch_S_2.002_ANC" 0 -144.03121948 132.76658630 11.21706963 0.68301147 -0.18301752 -0.18301752 0.68301141 0.86601830 -0.00000000 -0.50001210 -0.00000000 -0.50001222 0.00000000 -0.86601830 -0.00000000 -0.00000000 1.00000000 0.00000000 -0.00000000 191.11860657 -11.21706963 42.96094131 1.00000000
3 "CSC_Dirt_Patch_S_2.003_ANC" 0 19.44201660 -226.25892639 4.66761923 0.68301153 -0.18301712 -0.18301710 0.68301153 0.86601889 -0.00000000 -0.50001097 -0.00000000 -0.50001121 0.00000000 -0.86601889 -0.00000000 -0.00000000 1.00000000 0.00000000 -0.00000000 -129.96914673 -4.66761971 -186.22328186 1.00000000
4 "CSC_Dirt_Patch_XS_1.001_ANC" 0 19.44201660 -226.25892639 11.21706963 0.68301153 -0.18301712 -0.18301710 0.68301153 0.86601889 -0.00000000 -0.50001097 -0.00000000 -0.50001121 0.00000000 -0.86601889 -0.00000000 -0.00000000 1.00000000 0.00000000 -0.00000000 -129.96914673 -11.21706867 -186.22328186 1.00000000
5 "CSC_Road_Curve_L.001_ANC" 0 -201.56382751 -96.25408173 4.66761923 0.68301147 -0.18301752 -0.18301752 0.68301141 0.86601830 -0.00000000 -0.50001210 -0.00000000 -0.50001222 0.00000000 -0.86601830 -0.00000000 -0.00000000 1.00000000 0.00000000 -0.00000000 126.42974854 -4.66761923 -184.14216614 1.00000000
6 "CSC_Road_Curve_L.001_ANC.001" 0 -201.56382751 -96.25408173 11.21706963 0.68301147 -0.18301752 -0.18301752 0.68301141 0.86601830 -0.00000000 -0.50001210 -0.00000000 -0.50001222 0.00000000 -0.86601830 -0.00000000 -0.00000000 1.00000000 0.00000000 -0.00000000 126.42974854 -11.21706963 -184.14216614 1.00000000
7 "CSC_Road_Curve_L.002_ANC" 0 137.07548523 3.62095737 4.66761923 0.68301165 -0.18301666 -0.18301666 0.68301165 0.86601955 -0.00000000 -0.50000995 -0.00000000 -0.50001007 0.00000000 -0.86601955 -0.00000000 -0.00000000 1.00000000 0.00000000 -0.00000000 -116.89953613 -4.66761923 71.67492676 1.00000000
8 "CSC_Road_Curve_L.002_ANC.001" 0 137.07548523 3.62095737 11.21706963 0.68301165 -0.18301666 -0.18301666 0.68301165 0.86601955 -0.00000000 -0.50000995 -0.00000000 -0.50001007 0.00000000 -0.86601955 -0.00000000 -0.00000000 1.00000000 0.00000000 -0.00000000 -116.89953613 -11.21707058 71.67492676 1.00000000
9 "CSC_Road_Curve_L.003_ANC" 0 171.78941345 2.28584194 4.66761923 0.68301165 -0.18301666 -0.18301666 0.68301165 0.86601955 -0.00000000 -0.50000995 -0.00000000 -0.50001007 0.00000000 -0.86601955 -0.00000000 -0.00000000 1.00000000 0.00000000 -0.00000000 -147.63005066 -4.66761923 87.87599945 1.00000000
10 "CSC_Road_Curve_L.003_ANC.001" 0 171.78941345 2.28584194 11.21706963 0.68301165 -0.18301666 -0.18301666 0.68301165 0.86601955 -0.00000000 -0.50000995 -0.00000000 -0.50001007 0.00000000 -0.86601955 -0.00000000 -0.00000000 1.00000000 0.00000000 -0.00000000 -147.63005066 -11.21707058 87.87599945 1.00000000
11 "CSC_Road_Curve_L.004_ANC" 0 -32.95639801 -202.74224854 7.20000029 0.68301153 -0.18301712 -0.18301710 0.68301153 0.86601889 -0.00000000 -0.50001097 -0.00000000 -0.50001121 0.00000000 -0.86601889 -0.00000000 -0.00000000 1.00000000 0.00000000 -0.00000000 -72.83253479 -7.20000029 -192.05717468 1.00000000
12 "CSC_Road_Curve_L.004_ANC.001" 0 -83.18455505 101.83885193 4.66761923 0.68301153 -0.18301712 -0.18301710 0.68301153 0.86601889 -0.00000000 -0.50001097 -0.00000000 -0.50001121 0.00000000 -0.86601889 -0.00000000 -0.00000000 1.00000000 0.00000000 -0.00000000 122.95996094 -4.66761971 46.60117722 1.00000000
13 "CSC_Road_Curve_L.005_ANC" 0 -83.18455505 101.83885193 11.21706963 0.68301153 -0.18301712 -0.18301710 0.68301153 0.86601889 -0.00000000 -0.50001097 -0.00000000 -0.50001121 0.00000000 -0.86601889 -0.00000000 -0.00000000 1.00000000 0.00000000 -0.00000000 122.95996094 -11.21706867 46.60117722 1.00000000
14 "CSC_Road_Curve_L.005_ANC.001" 0 -28.37396622 33.60739899 4.66761923 0.68301165 -0.18301697 -0.18301699 0.68301153 0.86601919 -0.00000000 -0.50001079 -0.00000000 -0.50001085 0.00000000 -0.86601919 -0.00000000 -0.00000000 1.00000000 0.00000000 -0.00000000 41.37646484 -4.66761971 14.91736317 1.00000000
15 "CSC_Road_Curve_L.006_ANC" 0 -28.37396622 33.60739899 11.21706963 0.68301165 -0.18301697 -0.18301699 0.68301153 0.86601919 -0.00000000 -0.50001079 -0.00000000 -0.50001085 0.00000000 -0.86601919 -0.00000000 -0.00000000 1.00000000 0.00000000 -0.00000000 41.37646484 -11.21707058 14.91736317 1.00000000
16 "CSC_Road_Curve_L.006_ANC.001" 0 -46.97928619 -78.79315186 8.34376144 0.68301153 -0.18301712 -0.18301710 0.68301153 0.86601889 -0.00000000 -0.50001097 -0.00000000 -0.50001121 0.00000000 -0.86601889 -0.00000000 -0.00000000 1.00000000 0.00000000 -0.00000000 1.28749049 -8.34376144 -91.72651672 1.00000000
17 "CSC_Road_Curve_L.007_ANC" 0 -46.97928619 -78.79315186 13.34375954 0.68301153 -0.18301712 -0.18301710 0.68301153 0.86601889 -0.00000000 -0.50001097 -0.00000000 -0.50001121 0.00000000 -0.86601889 -0.00000000 -0.00000000 1.00000000 0.00000000 -0.00000000 1.28749049 -13.34375954 -91.72651672 1.00000000
18 "CSC_Road_Curve_L.007_ANC.001" 0 -96.08040619 -52.90010452 7.50938559 0.68301153 -0.18301712 -0.18301710 0.68301153 0.86601889 -0.00000000 -0.50001097 -0.00000000 -0.50001121 0.00000000 -0.86601889 -0.00000000 -0.00000000 1.00000000 0.00000000 -0.00000000 56.75679779 -7.50938511 -93.85374451 1.00000000
19 "CSC_Road_Curve_M.001_ANC" 0 -96.08040619 -52.90010452 12.00938320 0.68301153 -0.18301712 -0.18301710 0.68301153 0.86601889 -0.00000000 -0.50001097 -0.00000000 -0.50001121 0.00000000 -0.86601889 -0.00000000 -0.00000000 1.00000000 0.00000000 -0.00000000 56.75679779 -12.00938416 -93.85374451 1.00000000
20 "CSC_Road_Curve_M.001_ANC.001" 0 31.90202904 129.46020508 6.67500973 0.68301159 -0.18301713 -0.18301721 0.68301147 0.86601895 -0.00000000 -0.50001138 -0.00000000 -0.50001127 0.00000000 -0.86601895 -0.00000000 -0.00000000 1.00000000 0.00000000 -0.00000000 37.10379791 -6.67500973 128.06636047 1.00000000
21 "CSC_Road_Curve_M.002_ANC" 0 31.90202904 129.46020508 10.67500782 0.68301159 -0.18301713 -0.18301721 0.68301147 0.86601895 -0.00000000 -0.50001138 -0.00000000 -0.50001127 0.00000000 -0.86601895 -0.00000000 -0.00000000 1.00000000 0.00000000 -0.00000000 37.10379791 -10.67500782 128.06636047 1.00000000
22 "CSC_Road_Curve_M.002_ANC.001" 0 -116.60367584 -151.19621277 7.50938559 0.68301153 -0.18301712 -0.18301710 0.68301153 0.86601889 -0.00000000 -0.50001097 -0.00000000 -0.50001121 0.00000000 -0.86601889 -0.00000000 -0.00000000 1.00000000 0.00000000 -0.00000000 25.38118935 -7.50938511 -189.24188232 1.00000000
23 "CSC_Road_Curve_M.003_ANC" 0 -116.60367584 -151.19621277 12.00938320 0.68301153 -0.18301712 -0.18301710 0.68301153 0.86601889 -0.00000000 -0.50001097 -0.00000000 -0.50001121 0.00000000 -0.86601889 -0.00000000 -0.00000000 1.00000000 0.00000000 -0.00000000 25.38118935 -12.00938416 -189.24188232 1.00000000
24 "CSC_Road_Curve_M.003_ANC.001" 0 43.63764191 -23.50624275 4.80000019 0.68301153 -0.18301712 -0.18301710 0.68301153 0.86601889 -0.00000000 -0.50001097 -0.00000000 -0.50001121 0.00000000 -0.86601889 -0.00000000 -0.00000000 1.00000000 0.00000000 -0.00000000 -49.54440689 -4.80000067 1.46244967 1.00000000
25 "CSC_Road_Curve_M.004_ANC" 0 46.53307343 -27.47931290 4.80000019 0.68301153 -0.18301712 -0.18301710 0.68301153 0.86601889 -0.00000000 -0.50001097 -0.00000000 -0.50001121 0.00000000 -0.86601889 -0.00000000 -0.00000000 1.00000000 0.00000000 -0.00000000 -54.03848648 -4.80000067 -0.53055751 1.00000000
26 "CSC_Road_Curve_M.004_ANC.001" 0 -98.18450928 -184.51695251 4.66761923 0.68301153 -0.18301712 -0.18301710 0.68301153 0.86601889 -0.00000000 -0.50001097 -0.00000000 -0.50001121 0.00000000 -0.86601889 -0.00000000 -0.00000000 1.00000000 0.00000000 -0.00000000 -7.23090935 -4.66761971 -208.88848877 1.00000000
27 "CSC_Road_Curve_M.005_ANC" 0 -98.18450928 -184.51695251 11.21706963 0.68301153 -0.18301712 -0.18301710 0.68301153 0.86601889 -0.00000000 -0.50001097 -0.00000000 -0.50001121 0.00000000 -0.86601889 -0.00000000 -0.00000000 1.00000000 0.00000000 -0.00000000 -7.23090935 -11.21706867 -208.88848877 1.00000000
28 "CSC_Road_Curve_M.005_ANC.001" 0 74.89967346 -16.39526176 4.80000019 0.68301153 -0.18301712 -0.18301710 0.68301153 0.86601889 -0.00000000 -0.50001097 -0.00000000 -0.50001121 0.00000000 -0.86601889 -0.00000000 -0.00000000 1.00000000 0.00000000 -0.00000000 -73.06234741 -4.80000067 23.25205421 1.00000000
29 "CSC_Road_Curve_M.006_ANC" 0 -97.44338989 26.13029289 4.66761923 0.68301153 -0.18301712 -0.18301710 0.68301153 0.86601889 -0.00000000 -0.50001097 -0.00000000 -0.50001121 0.00000000 -0.86601889 -0.00000000 -0.00000000 1.00000000 0.00000000 -0.00000000 97.45325470 -4.66761971 -26.09343719 1.00000000
30 "CSC_Road_Curve_M.006_ANC.001" 0 -97.44338989 26.13029289 11.21706963 0.68301153 -0.18301712 -0.18301710 0.68301153 0.86601889 -0.00000000 -0.50001097 -0.00000000 -0.50001121 0.00000000 -0.86601889 -0.00000000 -0.00000000 1.00000000 0.00000000 -0.00000000 97.45325470 -11.21706867 -26.09343719 1.00000000
31 "CSC_Road_Curve_M.007_ANC" 0 -189.25724792 185.13470459 3.56043673 0.68301165 -0.18301666 -0.18301666 0.68301165 0.86601955 -0.00000000 -0.50000995 -0.00000000 -0.50001007 0.00000000 -0.86601955 -0.00000000 -0.00000000 1.00000000 0.00000000 -0.00000000 256.46969604 -3.56043673 65.69976807 1.00000000
32 "CSC_Road_Curve_M.007_ANC.001" 0 -189.25724792 185.13470459 8.80000019 0.68301165 -0.18301666 -0.18301666 0.68301165 0.86601955 -0.00000000 -0.50000995 -0.00000000 -0.50001007 0.00000000 -0.86601955 -0.00000000 -0.00000000 1.00000000 0.00000000 -0.00000000 256.46969604 -8.80000019 65.69976807 1.00000000
33 "CSC_Road_Curve_M.008_ANC" 0 -130.51991272 -233.98435974 3.11538196 0.68301165 -0.18301666 -0.18301666 0.68301165 0.86601955 -0.00000000 -0.50000995 -0.00000000 -0.50001007 0.00000000 -0.86601955 -0.00000000 -0.00000000 1.00000000 0.00000000 -0.00000000 -3.96173811 -3.11538219 -267.89627075 1.00000000
34 "CSC_Road_Curve_M.008_ANC.001" 0 -130.51991272 -233.98435974 7.69999981 0.68301165 -0.18301666 -0.18301666 0.68301165 0.86601955 -0.00000000 -0.50000995 -0.00000000 -0.50001007 0.00000000 -0.86601955 -0.00000000 -0.00000000 1.00000000 0.00000000 -0.00000000 -3.96173811 -7.69999981 -267.89627075 1.00000000
35 "CSC_Road_Curve_M.009_ANC" 0 -18.33510208 -195.35055542 4.66761923 0.68301165 -0.18301699 -0.18301703 0.68301153 0.86601919 -0.00000000 -0.50001097 -0.00000000 -0.50001091 0.00000000 -0.86601919 -0.00000000 -0.00000000 1.00000000 0.00000000 -0.00000000 -81.79885864 -4.66761923 -178.34507751 1.00000000
36 "CSC_Road_Curve_M.009_ANC.001" 0 -18.33510208 -195.35055542 11.21706963 0.68301165 -0.18301699 -0.18301703 0.68301153 0.86601919 -0.00000000 -0.50001097 -0.00000000 -0.50001091 0.00000000 -0.86601919 -0.00000000 -0.00000000 1.00000000 0.00000000 -0.00000000 -81.79885864 -11.21706867 -178.34507751 1.00000000
37 "CSC_Road_Curve_M.010_ANC" 0 245.51573181 9.91807365 3.56043673 0.68301147 -0.18301752 -0.18301752 0.68301141 0.86601830 -0.00000000 -0.50001210 -0.00000000 -0.50001222 0.00000000 -0.86601830 -0.00000000 -0.00000000 1.00000000 0.00000000 -0.00000000 -207.66195679 -3.56043673 131.35006714 1.00000000
38 "CSC_Road_Curve_M.010_ANC.001" 0 245.51573181 9.91807365 8.80000019 0.68301147 -0.18301752 -0.18301752 0.68301141 0.86601830 -0.00000000 -0.50001210 -0.00000000 -0.50001222 0.00000000 -0.86601830 -0.00000000 -0.00000000 1.00000000 0.00000000 -0.00000000 -207.66195679 -8.80000019 131.35006714 1.00000000
39 "CSC_Road_Curve_M.011_ANC" 0 0.03794968 56.08784103 7.50938559 0.68301153 -0.18301710 -0.18301708 0.68301153 0.86601895 -0.00000000 -0.50001097 -0.00000000 -0.50001115 0.00000000 -0.86601895 -0.00000000 -0.00000000 1.00000000 0.00000000 -0.00000000 28.01168060 -7.50938559 48.59210587 1.00000000
40 "CSC_Road_Curve_M.011_ANC.001" 0 0.03794968 56.08784103 12.00938320 0.68301153 -0.18301710 -0.18301708 0.68301153 0.86601895 -0.00000000 -0.50001097 -0.00000000 -0.50001115 0.00000000 -0.86601895 -0.00000000 -0.00000000 1.00000000 0.00000000 -0.00000000 28.01168060 -12.00938416 48.59210587 1.00000000
41 "CSC_Road_Fade.001_ANC" 0 -27.20016289 -109.09284973 7.50938559 0.68301165 -0.18301697 -0.18301699 0.68301153 0.86601919 -0.00000000 -0.50001079 -0.00000000 -0.50001085 0.00000000 -0.86601919 -0.00000000 -0.00000000 1.00000000 0.00000000 -0.00000000 -30.99174500 -7.50938606 -108.07687378 1.00000000
42 "CSC_Road_Fade.001_ANC.001" 0 -27.20016289 -109.09284973 12.00938320 0.68301165 -0.18301697 -0.18301699 0.68301153 0.86601919 -0.00000000 -0.50001079 -0.00000000 -0.50001085 0.00000000 -0.86601919 -0.00000000 -0.00000000 1.00000000 0.00000000 -0.00000000 -30.99174500 -12.00938416 -108.07687378 1.00000000
43 "CSC_Road_Fade.002_ANC" 0 61.85350418 62.40260696 6.67500973 0.68301153 -0.18301721 -0.18301731 0.68301147 0.86601883 -0.00000000 -0.50001168 -0.00000000 -0.50001144 0.00000000 -0.86601883 -0.00000000 -0.00000000 1.00000000 0.00000000 -0.00000000 -22.36428261 -6.67500973 84.96930695 1.00000000
44 "CSC_Road_Fade.002_ANC.001" 0 61.85350418 62.40260696 10.67500782 0.68301153 -0.18301721 -0.18301731 0.68301147 0.86601883 -0.00000000 -0.50001168 -0.00000000 -0.50001144 0.00000000 -0.86601883 -0.00000000 -0.00000000 1.00000000 0.00000000 -0.00000000 -22.36428261 -10.67500782 84.96930695 1.00000000
45 "CSC_Road_Fade.003_ANC" 0 93.79251862 207.33102417 3.56043673 0.68301153 -0.18301712 -0.18301710 0.68301153 0.86601889 -0.00000000 -0.50001097 -0.00000000 -0.50001121 0.00000000 -0.86601889 -0.00000000 -0.00000000 1.00000000 0.00000000 -0.00000000 22.44174385 -3.56043673 226.44985962 1.00000000
46 "CSC_Road_Fade.003_ANC.001" 0 93.79251862 207.33102417 8.80000019 0.68301153 -0.18301712 -0.18301710 0.68301153 0.86601889 -0.00000000 -0.50001097 -0.00000000 -0.50001121 0.00000000 -0.86601889 -0.00000000 -0.00000000 1.00000000 0.00000000 -0.00000000 22.44174385 -8.80000019 226.44985962 1.00000000
47 "CSC_Road_Fade.004_ANC" 0 72.45291901 -258.01416016 3.56043673 0.68301153 -0.18301712 -0.18301710 0.68301153 0.86601889 -0.00000000 -0.50001097 -0.00000000 -0.50001121 0.00000000 -0.86601889 -0.00000000 -0.00000000 1.00000000 0.00000000 -0.00000000 -191.75555420 -3.56043673 -187.21788025 1.00000000
48 "CSC_Road_Fade.004_ANC.001" 0 72.45291901 -258.01416016 8.80000019 0.68301153 -0.18301712 -0.18301710 0.68301153 0.86601889 -0.00000000 -0.50001097 -0.00000000 -0.50001121 0.00000000 -0.86601889 -0.00000000 -0.00000000 1.00000000 0.00000000 -0.00000000 -191.75555420 -8.80000019 -187.21788025 1.00000000
49 "CSC_Road_Fade.005_ANC" 0 73.24116516 -42.09535599 4.66761923 0.68301153 -0.18301712 -0.18301710 0.68301153 0.86601889 -0.00000000 -0.50001097 -0.00000000 -0.50001121 0.00000000 -0.86601889 -0.00000000 -0.00000000 1.00000000 0.00000000 -0.00000000 -84.47637939 -4.66761971 0.16601558 1.00000000
50 "CSC_Road_Fade.005_ANC.001" 0 73.24116516 -42.09535599 11.21706963 0.68301153 -0.18301712 -0.18301710 0.68301153 0.86601889 -0.00000000 -0.50001097 -0.00000000 -0.50001121 0.00000000 -0.86601889 -0.00000000 -0.00000000 1.00000000 0.00000000 -0.00000000 -84.47637939 -11.21706867 0.16601558 1.00000000
51 "CSC_Road_Fade.006_ANC" 0 -260.42437744 -90.12591553 3.56043673 0.68301147 -0.18301752 -0.18301752 0.68301141 0.86601830 -0.00000000 -0.50001210 -0.00000000 -0.50001222 0.00000000 -0.86601830 -0.00000000 -0.00000000 1.00000000 0.00000000 -0.00000000 180.46821594 -3.56043673 -208.26603699 1.00000000
52 "CSC_Road_Fade.006_ANC.001" 0 -260.42437744 -90.12591553 8.80000019 0.68301147 -0.18301752 -0.18301752 0.68301141 0.86601830 -0.00000000 -0.50001210 -0.00000000 -0.50001222 0.00000000 -0.86601830 -0.00000000 -0.00000000 1.00000000 0.00000000 -0.00000000 180.46821594 -8.80000019 -208.26603699 1.00000000
meshes:52
mesh:"CSC_Dirt_Patch_S_2.001_ANC"
materials
"Decal_Parts_Ancient_01"
vertices
96.59492493 23.96607590 4.80000019 0.00000000 0.00000000 1.00000000 1.00000000 0.00000000 0.00000000 0.00000000 1.00000000 0.00000000 0.99737757 0.08506346 0.00000000 0.00000000 0.00000000 0.00000000 24 24 24 24 24 24 24 24 255 0 0 0 0 0 0 0
-9.31963825 23.96607590 4.80000019 0.00000000 0.00000000 1.00000000 1.00000000 0.00000000 0.00000000 0.00000000 1.00000000 0.00000000 0.79535902 0.08506346 0.00000000 0.00000000 0.00000000 0.00000000 24 24 24 24 24 24 24 24 255 0 0 0 0 0 0 0
-9.31963825 -70.97856140 4.80000019 0.00000000 0.00000000 1.00000000 1.00000000 0.00000000 0.00000000 0.00000000 1.00000000 0.00000000 0.79535902 0.26590878 0.00000000 0.00000000 0.00000000 0.00000000 24 24 24 24 24 24 24 24 255 0 0 0 0 0 0 0
96.59492493 -70.97856140 4.80000019 0.00000000 0.00000000 1.00000000 1.00000000 0.00000000 0.00000000 0.00000000 1.00000000 0.00000000 0.99737757 0.26590878 0.00000000 0.00000000 0.00000000 0.00000000 24 24 24 24 24 24 24 24 255 0 0 0 0 0 0 0
triangles
0 1 2 0
2 3 0 0
mesh:"CSC_Dirt_Patch_S_2.002_ANC"
materials
"Decal_Parts_Ancient_01"
vertices
99.49035645 19.99300575 4.80000019 0.00000000 0.00000000 1.00000000 1.00000000 0.00000000 0.00000000 0.00000000 1.00000000 0.00000000 0.99737757 0.08506346 0.00000000 0.00000000 0.00000000 0.00000000 25 25 25 25 25 25 25 25 255 0 0 0 0 0 0 0
-6.42420864 19.99300575 4.80000019 0.00000000 0.00000000 1.00000000 1.00000000 0.00000000 0.00000000 0.00000000 1.00000000 0.00000000 0.79535902 0.08506346 0.00000000 0.00000000 0.00000000 0.00000000 25 25 25 25 25 25 25 25 255 0 0 0 0 0 0 0
-6.42420864 -74.95162964 4.80000019 0.00000000 0.00000000 1.00000000 1.00000000 0.00000000 0.00000000 0.00000000 1.00000000 0.00000000 0.79535902 0.26590878 0.00000000 0.00000000 0.00000000 0.00000000 25 25 25 25 25 25 25 25 255 0 0 0 0 0 0 0
99.49035645 -74.95162964 4.80000019 0.00000000 0.00000000 1.00000000 1.00000000 0.00000000 0.00000000 0.00000000 1.00000000 0.00000000 0.99737757 0.26590878 0.00000000 0.00000000 0.00000000 0.00000000 25 25 25 25 25 25 25 25 255 0 0 0 0 0 0 0
triangles
0 1 2 0
2 3 0 0
mesh:"CSC_Dirt_Patch_S_2.003_ANC"
materials
"Decal_Parts_Ancient_01"
vertices
127.85695648 31.07705688 4.80000019 0.00000000 0.00000000 1.00000000 1.00000000 0.00000000 0.00000000 0.00000000 1.00000000 0.00000000 0.99737757 0.08506346 0.00000000 0.00000000 0.00000000 0.00000000 28 28 28 28 28 28 28 28 255 0 0 0 0 0 0 0
21.94239044 31.07705688 4.80000019 0.00000000 0.00000000 1.00000000 1.00000000 0.00000000 0.00000000 0.00000000 1.00000000 0.00000000 0.79535902 0.08506346 0.00000000 0.00000000 0.00000000 0.00000000 28 28 28 28 28 28 28 28 255 0 0 0 0 0 0 0
21.94239044 -63.86758041 4.80000019 0.00000000 0.00000000 1.00000000 1.00000000 0.00000000 0.00000000 0.00000000 1.00000000 0.00000000 0.79535902 0.26590878 0.00000000 0.00000000 0.00000000 0.00000000 28 28 28 28 28 28 28 28 255 0 0 0 0 0 0 0
127.85695648 -63.86758041 4.80000019 0.00000000 0.00000000 1.00000000 1.00000000 0.00000000 0.00000000 0.00000000 1.00000000 0.00000000 0.99737757 0.26590878 0.00000000 0.00000000 0.00000000 0.00000000 28 28 28 28 28 28 28 28 255 0 0 0 0 0 0 0
triangles
0 1 2 0
2 3 0 0
mesh:"CSC_Dirt_Patch_XS_1.001_ANC"
materials
"Decal_Parts_Ancient_01"
vertices
-38.20883179 -250.47293091 7.20000029 0.00000000 0.00000000 0.99999994 -0.59823817 -0.80131847 0.00000000 0.80131841 -0.59823811 -0.00000000 0.90628427 0.26977432 0.00000000 0.00000000 0.00000000 0.00000000 11 11 11 11 11 11 11 11 255 0 0 0 0 0 0 0
11.31293488 -184.14030457 7.20000029 -0.00000002 0.00000000 1.00000000 -0.59823811 -0.80131847 -0.00000001 0.80131847 -0.59823811 0.00000001 0.80102372 0.26977432 0.00000000 0.00000000 0.00000000 0.00000000 11 11 11 11 11 11 11 11 255 0 0 0 0 0 0 0
-27.70396423 -155.01156616 7.20000029 -0.00000000 0.00000000 0.99999994 -0.59823811 -0.80131847 -0.00000000 0.80131841 -0.59823805 0.00000000 0.80102372 0.33160341 0.00000000 0.00000000 0.00000000 0.00000000 11 11 11 11 11 11 11 11 255 0 0 0 0 0 0 0
-77.22573853 -221.34419250 7.20000029 0.00000002 0.00000000 0.99999994 -0.59823811 -0.80131835 0.00000001 0.80131829 -0.59823805 -0.00000001 0.90628427 0.33160341 0.00000000 0.00000000 0.00000000 0.00000000 11 11 11 11 11 11 11 11 255 0 0 0 0 0 0 0
triangles
0 1 2 0
2 3 0 0
mesh:"CSC_Road_Curve_L.001_ANC"
materials
"Decal_Parts_Ancient_01"
vertices
-3.95782471 -96.40246582 8.34376240 -0.00000001 -0.00000000 1.00000000 0.07236357 0.99737829 0.00000000 -0.99737829 0.07236357 -0.00000001 0.47677159 0.99837250 0.00000000 0.00000000 0.00000000 0.00000000 16 16 16 16 16 16 16 16 255 0 0 0 0 0 0 0
-66.54147339 -91.86162567 8.34376240 -0.00000000 -0.00000002 1.00000000 0.07236045 0.99737859 0.00000002 -0.99737859 0.07236045 -0.00000000 0.47677159 0.90275730 0.00000000 0.00000000 0.00000000 0.00000000 16 16 16 16 16 16 16 16 255 0 0 0 0 0 0 0
-70.40609741 -117.55503845 8.34376144 -0.00000001 -0.00000001 1.00000000 0.22426066 0.97452921 0.00000001 -0.97452921 0.22426066 -0.00000001 0.42923501 0.90275730 0.00000000 0.00000000 0.00000000 0.00000000 16 16 16 16 16 16 16 16 255 0 0 0 0 0 0 0
-9.25637817 -131.62686157 8.34376240 -0.00000002 0.00000000 1.00000000 0.22426029 0.97452927 0.00000000 -0.97452927 0.22426029 -0.00000002 0.42923501 0.99837250 0.00000000 0.00000000 0.00000000 0.00000000 16 16 16 16 16 16 16 16 255 0 0 0 0 0 0 0
-78.16049194 -142.35282898 8.34376144 -0.00000001 -0.00000003 1.00000000 0.37086385 0.92868721 0.00000003 -0.92868721 0.37086385 -0.00000000 0.38169849 0.90275730 0.00000000 0.00000000 0.00000000 0.00000000 16 16 16 16 16 16 16 16 255 0 0 0 0 0 0 0
-19.88708496 -165.62399292 8.34376240 -0.00000002 -0.00000001 1.00000000 0.37086251 0.92868775 0.00000001 -0.92868775 0.37086251 -0.00000001 0.38169849 0.99837250 0.00000000 0.00000000 0.00000000 0.00000000 16 16 16 16 16 16 16 16 255 0 0 0 0 0 0 0
-89.62091064 -165.67092896 8.34375954 -0.00000001 -0.00000004 1.00000000 0.44108844 0.89746368 0.00000005 -0.89746368 0.44108844 0.00000001 0.33416200 0.90275730 0.00000000 0.00000000 0.00000000 0.00000000 16 16 16 16 16 16 16 16 255 0 0 0 0 0 0 0
-35.59893799 -197.59196472 8.34376144 0.00000000 -0.00000001 1.00000000 0.44109121 0.89746219 0.00000001 -0.89746219 0.44109121 0.00000000 0.33416191 0.99837250 0.00000000 0.00000000 0.00000000 0.00000000 16 16 16 16 16 16 16 16 255 0 0 0 0 0 0 0
-66.65696716 -65.87988281 8.34376240 0.00000002 0.00000001 1.00000000 -0.08123339 0.99669516 -0.00000000 -0.99669516 -0.08123339 0.00000002 0.52430809 0.90275730 0.00000000 0.00000000 0.00000000 0.00000000 16 16 16 16 16 16 16 16 255 0 0 0 0 0 0 0
-4.11624146 -60.78247070 8.34376240 0.00000000 0.00000001 1.00000000 -0.08123623 0.99669486 -0.00000001 -0.99669486 -0.08123623 0.00000000 0.52430809 0.99837250 0.00000000 0.00000000 0.00000000 0.00000000 16 16 16 16 16 16 16 16 255 0 0 0 0 0 0 0
-9.72808838 -25.60689545 8.34376144 -0.00000001 0.00000001 1.00000000 -0.23292337 0.97249502 -0.00000001 -0.97249502 -0.23292337 -0.00000001 0.57184470 0.99837250 0.00000000 0.00000000 0.00000000 0.00000000 16 16 16 16 16 16 16 16 255 0 0 0 0 0 0 0
-70.75016785 -40.22239685 8.34376240 0.00000003 0.00000000 1.00000000 -0.23292096 0.97249568 0.00000000 -0.97249568 -0.23292096 0.00000003 0.57184470 0.90275730 0.00000000 0.00000000 0.00000000 0.00000000 16 16 16 16 16 16 16 16 255 0 0 0 0 0 0 0
-20.66091919 8.29418945 8.34376144 0.00000001 0.00000003 1.00000000 -0.37911326 0.92535031 -0.00000003 -0.92535031 -0.37911326 0.00000002 0.61938119 0.99837250 0.00000000 0.00000000 0.00000000 0.00000000 16 16 16 16 16 16 16 16 255 0 0 0 0 0 0 0
-78.72476196 -15.49429321 8.34376240 0.00000003 0.00000002 1.00000000 -0.38640493 0.92232925 -0.00000001 -0.92232925 -0.38640493 0.00000003 0.61938119 0.90275730 0.00000000 0.00000000 0.00000000 0.00000000 16 16 16 16 16 16 16 16 255 0 0 0 0 0 0 0
-36.65667725 40.12110901 8.34375954 0.00000003 0.00000005 1.00000000 -0.45399585 0.89100379 -0.00000003 -0.89100379 -0.45399585 0.00000004 0.66691768 0.99837250 0.00000000 0.00000000 0.00000000 0.00000000 16 16 16 16 16 16 16 16 255 0 0 0 0 0 0 0
-90.94557190 7.56591797 8.34376240 0.00000002 0.00000002 0.99999994 -0.46826062 0.88359040 -0.00000001 -0.88359034 -0.46826059 0.00000003 0.66691780 0.90275730 0.00000000 0.00000000 0.00000000 0.00000000 16 16 16 16 16 16 16 16 255 0 0 0 0 0 0 0
triangles
0 1 2 0
2 3 0 0
3 2 4 0
4 5 3 0
5 4 6 0
6 7 5 0
8 9 10 0
10 11 8 0
11 10 12 0
12 13 11 0
13 12 14 0
14 15 13 0
1 0 9 0
9 8 1 0
mesh:"CSC_Road_Curve_L.001_CLA"
materials
"Decal_Parts_Classical_01"
vertices
-3.95782471 -96.40246582 13.34375954 -0.00000000 0.00000000 1.00000000 0.07236357 0.99737829 0.00000000 -0.99737829 0.07236357 -0.00000000 0.47677159 0.99837250 0.00000000 0.00000000 0.00000000 0.00000000 17 17 17 17 17 17 17 17 255 0 0 0 0 0 0 0
-66.54147339 -91.86162567 13.34375954 -0.00000002 0.00000000 1.00000000 0.07236045 0.99737859 0.00000000 -0.99737859 0.07236045 -0.00000002 0.47677159 0.90275730 0.00000000 0.00000000 0.00000000 0.00000000 17 17 17 17 17 17 17 17 255 0 0 0 0 0 0 0
-70.40609741 -117.55503845 13.34375954 -0.00000001 0.00000000 1.00000000 0.22426066 0.97452921 0.00000000 -0.97452921 0.22426066 -0.00000001 0.42923501 0.90275730 0.00000000 0.00000000 0.00000000 0.00000000 17 17 17 17 17 17 17 17 255 0 0 0 0 0 0 0
-9.25637817 -131.62686157 13.34375954 0.00000000 0.00000000 1.00000000 0.22426029 0.97452927 0.00000000 -0.97452927 0.22426029 0.00000000 0.42923501 0.99837250 0.00000000 0.00000000 0.00000000 0.00000000 17 17 17 17 17 17 17 17 255 0 0 0 0 0 0 0
-78.16049194 -142.35282898 13.34375954 0.00000000 0.00000000 1.00000000 0.37086385 0.92868721 0.00000000 -0.92868721 0.37086385 0.00000000 0.38169849 0.90275730 0.00000000 0.00000000 0.00000000 0.00000000 17 17 17 17 17 17 17 17 255 0 0 0 0 0 0 0
-19.88708496 -165.62399292 13.34375954 0.00000000 0.00000000 1.00000000 0.37086251 0.92868775 0.00000000 -0.92868775 0.37086251 0.00000000 0.38169849 0.99837250 0.00000000 0.00000000 0.00000000 0.00000000 17 17 17 17 17 17 17 17 255 0 0 0 0 0 0 0
-89.62091064 -165.67092896 13.34375954 0.00000000 0.00000000 1.00000000 0.44108844 0.89746368 0.00000000 -0.89746368 0.44108844 0.00000000 0.33416200 0.90275730 0.00000000 0.00000000 0.00000000 0.00000000 17 17 17 17 17 17 17 17 255 0 0 0 0 0 0 0
-35.59893799 -197.59196472 13.34375954 0.00000000 0.00000000 1.00000000 0.44109121 0.89746219 0.00000000 -0.89746219 0.44109121 0.00000000 0.33416191 0.99837250 0.00000000 0.00000000 0.00000000 0.00000000 17 17 17 17 17 17 17 17 255 0 0 0 0 0 0 0
-66.65696716 -65.87988281 13.34375954 0.00000000 0.00000000 1.00000000 -0.08123339 0.99669516 0.00000000 -0.99669516 -0.08123339 0.00000000 0.52430809 0.90275730 0.00000000 0.00000000 0.00000000 0.00000000 17 17 17 17 17 17 17 17 255 0 0 0 0 0 0 0
-4.11624146 -60.78247070 13.34375954 0.00000000 0.00000000 1.00000000 -0.08123623 0.99669486 0.00000000 -0.99669486 -0.08123623 0.00000000 0.52430809 0.99837250 0.00000000 0.00000000 0.00000000 0.00000000 17 17 17 17 17 17 17 17 255 0 0 0 0 0 0 0
-9.72808838 -25.60689545 13.34375954 0.00000000 0.00000000 1.00000000 -0.23292337 0.97249502 0.00000000 -0.97249502 -0.23292337 0.00000000 0.57184470 0.99837250 0.00000000 0.00000000 0.00000000 0.00000000 17 17 17 17 17 17 17 17 255 0 0 0 0 0 0 0
-70.75016785 -40.22239685 13.34375954 0.00000000 0.00000000 1.00000000 -0.23292096 0.97249568 0.00000000 -0.97249568 -0.23292096 0.00000000 0.57184470 0.90275730 0.00000000 0.00000000 0.00000000 0.00000000 17 17 17 17 17 17 17 17 255 0 0 0 0 0 0 0
-20.66091919 8.29418945 13.34375954 -0.00000001 0.00000000 1.00000000 -0.37911326 0.92535031 -0.00000001 -0.92535031 -0.37911326 -0.00000001 0.61938119 0.99837250 0.00000000 0.00000000 0.00000000 0.00000000 17 17 17 17 17 17 17 17 255 0 0 0 0 0 0 0
-78.72476196 -15.49429321 13.34375954 -0.00000000 0.00000000 1.00000000 -0.38640493 0.92232925 -0.00000000 -0.92232925 -0.38640493 -0.00000000 0.61938119 0.90275730 0.00000000 0.00000000 0.00000000 0.00000000 17 17 17 17 17 17 17 17 255 0 0 0 0 0 0 0
-36.65667725 40.12110901 13.34375954 -0.00000002 0.00000000 1.00000000 -0.45399585 0.89100379 -0.00000001 -0.89100379 -0.45399585 -0.00000002 0.66691768 0.99837250 0.00000000 0.00000000 0.00000000 0.00000000 17 17 17 17 17 17 17 17 255 0 0 0 0 0 0 0
-90.94557190 7.56591797 13.34375954 0.00000000 0.00000000 0.99999994 -0.46826062 0.88359040 0.00000000 -0.88359034 -0.46826059 0.00000000 0.66691780 0.90275730 0.00000000 0.00000000 0.00000000 0.00000000 17 17 17 17 17 17 17 17 255 0 0 0 0 0 0 0
triangles
0 1 2 0
2 3 0 0
3 2 4 0
4 5 3 0
5 4 6 0
6 7 5 0
8 9 10 0
10 11 8 0
11 10 12 0
12 13 11 0
13 12 14 0
14 15 13 0
1 0 9 0
9 8 1 0
mesh:"CSC_Road_Curve_L.002_ANC"
materials
"Decal_Parts_Ancient_01"
vertices
-72.39111328 -87.38452148 7.50938606 -0.00000001 0.00000000 0.99999994 0.60740882 0.79438943 0.00000001 -0.79438937 0.60740876 -0.00000001 0.47677159 0.99837250 0.00000000 0.00000000 0.00000000 0.00000000 18 18 18 18 18 18 18 18 255 0 0 0 0 0 0 0
-117.25288391 -53.08197021 7.50938606 -0.00000001 -0.00000002 1.00000000 0.60740650 0.79439121 0.00000002 -0.79439121 0.60740650 0.00000000 0.47677159 0.90275730 0.00000000 0.00000000 0.00000000 0.00000000 18 18 18 18 18 18 18 18 255 0 0 0 0 0 0 0
-132.84118652 -70.51254272 7.50938511 -0.00000002 -0.00000000 1.00000000 0.72190541 0.69199169 0.00000001 -0.69199169 0.72190541 -0.00000001 0.42923501 0.90275730 0.00000000 0.00000000 0.00000000 0.00000000 18 18 18 18 18 18 18 18 255 0 0 0 0 0 0 0
-93.76219177 -111.28079224 7.50938606 -0.00000001 0.00000001 1.00000000 0.72190553 0.69199163 -0.00000000 -0.69199163 0.72190553 -0.00000002 0.42923501 0.99837250 0.00000000 0.00000000 0.00000000 0.00000000 18 18 18 18 18 18 18 18 255 0 0 0 0 0 0 0
-150.91508484 -85.34945679 7.50938511 -0.00000004 -0.00000001 1.00000000 0.81936759 0.57326841 0.00000004 -0.57326841 0.81936759 -0.00000002 0.38169849 0.90275730 0.00000000 0.00000000 0.00000000 0.00000000 18 18 18 18 18 18 18 18 255 0 0 0 0 0 0 0
-118.54075623 -131.62197876 7.50938606 -0.00000003 0.00000001 1.00000000 0.81936687 0.57326955 0.00000002 -0.57326955 0.81936687 -0.00000002 0.38169849 0.99837250 0.00000000 0.00000000 0.00000000 0.00000000 18 18 18 18 18 18 18 18 255 0 0 0 0 0 0 0
-171.04803467 -97.24375916 7.50938320 -0.00000007 -0.00000002 1.00000000 0.86097300 0.50865066 0.00000007 -0.50865066 0.86097300 -0.00000002 0.33416200 0.90275730 0.00000000 0.00000000 0.00000000 0.00000000 18 18 18 18 18 18 18 18 255 0 0 0 0 0 0 0
-146.14222717 -147.92842102 7.50938511 -0.00000004 0.00000002 1.00000000 0.86097449 0.50864804 0.00000003 -0.50864804 0.86097449 -0.00000004 0.33416191 0.99837250 0.00000000 0.00000000 0.00000000 0.00000000 18 18 18 18 18 18 18 18 255 0 0 0 0 0 0 0
-104.51783752 -33.47022247 7.50938606 0.00000001 0.00000000 1.00000000 0.47858778 0.87803972 -0.00000001 -0.87803972 0.47858778 0.00000001 0.52430809 0.90275730 0.00000000 0.00000000 0.00000000 0.00000000 18 18 18 18 18 18 18 18 255 0 0 0 0 0 0 0
-54.93194580 -60.49748230 7.50938606 0.00000001 0.00000001 1.00000000 0.47858462 0.87804145 -0.00000002 -0.87804145 0.47858462 0.00000000 0.52430809 0.99837250 0.00000000 0.00000000 0.00000000 0.00000000 18 18 18 18 18 18 18 18 255 0 0 0 0 0 0 0
-41.79652405 -31.25369263 7.50938511 0.00000002 0.00000001 0.99999994 0.33846545 0.94097877 -0.00000001 -0.94097871 0.33846542 0.00000001 0.57184470 0.99837250 0.00000000 0.00000000 0.00000000 0.00000000 18 18 18 18 18 18 18 18 255 0 0 0 0 0 0 0
-94.93658447 -12.13952637 7.50938606 0.00000002 -0.00000001 1.00000000 0.33846781 0.94097793 -0.00000000 -0.94097793 0.33846781 0.00000002 0.57184470 0.90275730 0.00000000 0.00000000 0.00000000 0.00000000 18 18 18 18 18 18 18 18 255 0 0 0 0 0 0 0
-33.29479980 -0.34321594 7.50938511 0.00000002 0.00000003 1.00000000 0.19036129 0.98171413 -0.00000003 -0.98171413 0.19036129 0.00000001 0.61938119 0.99837250 0.00000000 0.00000000 0.00000000 0.00000000 18 18 18 18 18 18 18 18 255 0 0 0 0 0 0 0
-88.73526001 10.40716553 7.50938606 0.00000003 0.00000001 1.00000000 0.18260705 0.98318595 -0.00000001 -0.98318595 0.18260705 0.00000003 0.61938119 0.90275730 0.00000000 0.00000000 0.00000000 0.00000000 18 18 18 18 18 18 18 18 255 0 0 0 0 0 0 0
-29.62724304 31.50471115 7.50938320 0.00000002 0.00000004 1.00000000 0.10890635 0.99405199 -0.00000004 -0.99405199 0.10890635 0.00000002 0.66691768 0.99837250 0.00000000 0.00000000 0.00000000 0.00000000 18 18 18 18 18 18 18 18 255 0 0 0 0 0 0 0
-86.55287170 33.79402924 7.50938606 0.00000005 -0.00000000 1.00000000 0.09291304 0.99567419 0.00000000 -0.99567419 0.09291304 0.00000005 0.66691780 0.90275730 0.00000000 0.00000000 0.00000000 0.00000000 18 18 18 18 18 18 18 18 255 0 0 0 0 0 0 0
triangles
0 1 2 0
2 3 0 0
3 2 4 0
4 5 3 0
5 4 6 0
6 7 5 0
8 9 10 0
10 11 8 0
11 10 12 0
12 13 11 0
13 12 14 0
14 15 13 0
1 0 9 0
9 8 1 0
mesh:"CSC_Road_Curve_L.002_CLA"
materials
"Decal_Parts_Classical_01"
vertices
-72.39111328 -87.38452148 12.00938320 0.00000001 0.00000000 0.99999994 0.60740882 0.79438943 -0.00000001 -0.79438937 0.60740876 0.00000001 0.47677159 0.99837250 0.00000000 0.00000000 0.00000000 0.00000000 19 19 19 19 19 19 19 19 255 0 0 0 0 0 0 0
-117.25288391 -53.08197021 12.00938320 0.00000000 0.00000000 1.00000000 0.60740650 0.79439121 0.00000000 -0.79439121 0.60740650 0.00000000 0.47677159 0.90275730 0.00000000 0.00000000 0.00000000 0.00000000 19 19 19 19 19 19 19 19 255 0 0 0 0 0 0 0
-132.84118652 -70.51254272 12.00938320 0.00000001 0.00000000 1.00000000 0.72190541 0.69199169 -0.00000000 -0.69199169 0.72190541 0.00000000 0.42923501 0.90275730 0.00000000 0.00000000 0.00000000 0.00000000 19 19 19 19 19 19 19 19 255 0 0 0 0 0 0 0
-93.76219177 -111.28079224 12.00938320 0.00000002 0.00000000 1.00000000 0.72190553 0.69199163 -0.00000002 -0.69199163 0.72190553 0.00000002 0.42923501 0.99837250 0.00000000 0.00000000 0.00000000 0.00000000 19 19 19 19 19 19 19 19 255 0 0 0 0 0 0 0
-150.91508484 -85.34945679 12.00938320 -0.00000002 0.00000000 1.00000000 0.81936759 0.57326841 0.00000002 -0.57326841 0.81936759 -0.00000001 0.38169849 0.90275730 0.00000000 0.00000000 0.00000000 0.00000000 19 19 19 19 19 19 19 19 255 0 0 0 0 0 0 0
-118.54075623 -131.62197876 12.00938320 0.00000001 0.00000000 1.00000000 0.81936687 0.57326955 -0.00000001 -0.57326955 0.81936687 0.00000001 0.38169849 0.99837250 0.00000000 0.00000000 0.00000000 0.00000000 19 19 19 19 19 19 19 19 255 0 0 0 0 0 0 0
-171.04803467 -97.24375916 12.00938320 -0.00000003 0.00000000 1.00000000 0.86097300 0.50865066 0.00000002 -0.50865066 0.86097300 -0.00000001 0.33416200 0.90275730 0.00000000 0.00000000 0.00000000 0.00000000 19 19 19 19 19 19 19 19 255 0 0 0 0 0 0 0
-146.14222717 -147.92842102 12.00938320 0.00000002 0.00000000 1.00000000 0.86097449 0.50864804 -0.00000001 -0.50864804 0.86097449 0.00000001 0.33416191 0.99837250 0.00000000 0.00000000 0.00000000 0.00000000 19 19 19 19 19 19 19 19 255 0 0 0 0 0 0 0
-104.51783752 -33.47022247 12.00938320 0.00000000 0.00000000 1.00000000 0.47858778 0.87803972 0.00000000 -0.87803972 0.47858778 0.00000000 0.52430809 0.90275730 0.00000000 0.00000000 0.00000000 0.00000000 19 19 19 19 19 19 19 19 255 0 0 0 0 0 0 0
-54.93194580 -60.49748230 12.00938320 0.00000000 0.00000000 1.00000000 0.47858462 0.87804145 0.00000000 -0.87804145 0.47858462 0.00000000 0.52430809 0.99837250 0.00000000 0.00000000 0.00000000 0.00000000 19 19 19 19 19 19 19 19 255 0 0 0 0 0 0 0
-41.79652405 -31.25369263 12.00938320 0.00000000 0.00000000 0.99999994 0.33846545 0.94097877 0.00000000 -0.94097871 0.33846542 0.00000000 0.57184470 0.99837250 0.00000000 0.00000000 0.00000000 0.00000000 19 19 19 19 19 19 19 19 255 0 0 0 0 0 0 0
-94.93658447 -12.13952637 12.00938320 0.00000000 0.00000000 1.00000000 0.33846781 0.94097793 0.00000000 -0.94097793 0.33846781 0.00000000 0.57184470 0.90275730 0.00000000 0.00000000 0.00000000 0.00000000 19 19 19 19 19 19 19 19 255 0 0 0 0 0 0 0
-33.29479980 -0.34321594 12.00938320 0.00000000 0.00000000 1.00000000 0.19036129 0.98171413 0.00000000 -0.98171413 0.19036129 0.00000000 0.61938119 0.99837250 0.00000000 0.00000000 0.00000000 0.00000000 19 19 19 19 19 19 19 19 255 0 0 0 0 0 0 0
-88.73526001 10.40716553 12.00938320 0.00000000 0.00000000 1.00000000 0.18260705 0.98318595 0.00000000 -0.98318595 0.18260705 0.00000000 0.61938119 0.90275730 0.00000000 0.00000000 0.00000000 0.00000000 19 19 19 19 19 19 19 19 255 0 0 0 0 0 0 0
-29.62724304 31.50471115 12.00938320 0.00000000 0.00000000 1.00000000 0.10890635 0.99405199 0.00000000 -0.99405199 0.10890635 0.00000000 0.66691768 0.99837250 0.00000000 0.00000000 0.00000000 0.00000000 19 19 19 19 19 19 19 19 255 0 0 0 0 0 0 0
-86.55287170 33.79402924 12.00938320 0.00000000 0.00000000 1.00000000 0.09291304 0.99567419 0.00000000 -0.99567419 0.09291304 0.00000000 0.66691780 0.90275730 0.00000000 0.00000000 0.00000000 0.00000000 19 19 19 19 19 19 19 19 255 0 0 0 0 0 0 0
triangles
0 1 2 0
2 3 0 0
3 2 4 0
4 5 3 0
5 4 6 0
6 7 5 0
8 9 10 0
10 11 8 0
11 10 12 0
12 13 11 0
13 12 14 0
14 15 13 0
1 0 9 0
9 8 1 0
mesh:"CSC_Road_Curve_L.003_ANC"
materials
"Decal_Parts_Ancient_01"
vertices
43.78545380 94.22125244 6.67501020 -0.00000002 0.00000000 1.00000000 0.80129981 0.59826297 0.00000002 -0.59826297 0.80129981 -0.00000001 0.47677159 0.99837250 0.00000000 0.00000000 0.00000000 0.00000000 20 20 20 20 20 20 20 20 255 0 0 0 0 0 0 0
13.75361633 134.44543457 6.67501020 -0.00000001 -0.00000001 1.00000000 0.80129808 0.59826535 0.00000002 -0.59826535 0.80129808 0.00000000 0.47677159 0.90275730 0.00000000 0.00000000 0.00000000 0.00000000 20 20 20 20 20 20 20 20 255 0 0 0 0 0 0 0
-3.80790710 123.32571411 6.67500925 -0.00000000 0.00000000 1.00000000 0.88347208 0.46848384 0.00000000 -0.46848384 0.88347208 -0.00000000 0.42923501 0.90275730 0.00000000 0.00000000 0.00000000 0.00000000 20 20 20 20 20 20 20 20 255 0 0 0 0 0 0 0
19.70926666 78.97688293 6.67501020 -0.00000001 0.00000002 1.00000000 0.88347197 0.46848407 0.00000000 -0.46848407 0.88347197 -0.00000002 0.42923501 0.99837250 0.00000000 0.00000000 0.00000000 0.00000000 20 20 20 20 20 20 20 20 255 0 0 0 0 0 0 0
-22.86508942 115.02731323 6.67500925 -0.00000003 0.00000001 1.00000000 0.94479787 0.32765391 0.00000003 -0.32765391 0.94479787 -0.00000002 0.38169849 0.90275730 0.00000000 0.00000000 0.00000000 0.00000000 20 20 20 20 20 20 20 20 255 0 0 0 0 0 0 0
-6.41742706 67.59976196 6.67501020 -0.00000002 0.00000002 1.00000000 0.94479746 0.32765499 0.00000002 -0.32765499 0.94479746 -0.00000002 0.38169849 0.99837250 0.00000000 0.00000000 0.00000000 0.00000000 20 20 20 20 20 20 20 20 255 0 0 0 0 0 0 0
-42.96844482 109.74501038 6.67500782 -0.00000006 0.00000000 1.00000000 0.96717030 0.25412899 0.00000006 -0.25412899 0.96717030 -0.00000002 0.33416200 0.90275730 0.00000000 0.00000000 0.00000000 0.00000000 20 20 20 20 20 20 20 20 255 0 0 0 0 0 0 0
-33.97826385 60.35812378 6.67500925 -0.00000003 0.00000002 1.00000000 0.96717137 0.25412518 0.00000003 -0.25412518 0.96717137 -0.00000003 0.33416191 0.99837250 0.00000000 0.00000000 0.00000000 0.00000000 20 20 20 20 20 20 20 20 255 0 0 0 0 0 0 0
29.40495300 148.12303162 6.67501020 0.00000002 -0.00000000 1.00000000 0.70022714 0.71392012 -0.00000001 -0.71392012 0.70022714 0.00000001 0.52430809 0.90275730 0.00000000 0.00000000 0.00000000 0.00000000 20 20 20 20 20 20 20 20 255 0 0 0 0 0 0 0
65.24279022 112.97280884 6.67501020 0.00000001 0.00000001 0.99999994 0.70022452 0.71392262 -0.00000001 -0.71392256 0.70022446 -0.00000000 0.52430809 0.99837250 0.00000000 0.00000000 0.00000000 0.00000000 20 20 20 20 20 20 20 20 255 0 0 0 0 0 0 0
